# contains end positions for each of the variable gene regions
# Gene	FR1	CDR1	FR2	CDR2	FR3	
A1	78	111	162	171	279
A10	78	96	147	156	264
A11	78	99	150	159	267
A14	78	96	147	156	264
A17	78	111	162	171	279
A18b	78	111	162	171	279
A19	78	111	162	171	279
A2	78	111	162	171	279
A20	78	96	147	156	264
A23	78	111	162	171	279
A26	78	96	147	156	264
A27	78	99	150	159	267
A3	78	111	162	171	279
A30	78	96	147	156	264
A5	78	111	162	171	279
A7	78	111	162	171	279
B2	78	96	147	156	264
B3	78	114	165	174	282
IGHV1-18*01	75	99	150	174	288
IGHV1-18*03	75	99	150	174	288
IGHV1-2*01	75	99	150	174	288
IGHV1-2*02	75	99	150	174	288
IGHV1-2*03	75	99	150	174	288
IGHV1-2*04	75	99	150	174	288
IGHV1-2*05	75	99	150	174	288
IGHV1-24*01	75	99	150	174	288
IGHV1-3*01	75	99	150	174	288
IGHV1-3*02	75	99	150	174	288
IGHV1-45*01	75	99	150	174	288
IGHV1-45*02	75	99	150	174	288
IGHV1-46*01	75	99	150	174	288
IGHV1-46*02	75	99	150	174	288
IGHV1-46*03	75	99	150	174	288
IGHV1-58*01	75	99	150	174	288
IGHV1-58*02	75	99	150	174	288
IGHV1-68*01	75	99	150	174	288
IGHV1-69*01	75	99	150	174	288
IGHV1-69*02	75	99	150	174	288
IGHV1-69*04	75	99	150	174	288
IGHV1-69*05	75	99	150	174	288
IGHV1-69*06	75	99	150	174	288
IGHV1-69*08	75	99	150	174	288
IGHV1-69*09	75	99	150	174	288
IGHV1-69*10	75	99	150	174	288
IGHV1-69*11	75	99	150	174	288
IGHV1-69*12	75	99	150	174	288
IGHV1-69*13	75	99	150	174	288
IGHV1-8*01	75	99	150	174	288
IGHV1-8*02	75	99	150	174	288
IGHV1-f*01	75	99	150	174	288
IGHV1/OR15-1*01	75	99	150	174	288
IGHV1/OR15-1*02	75	99	150	174	288
IGHV1/OR15-1*03	75	99	150	174	288
IGHV1/OR15-1*04	75	99	150	174	288
IGHV1/OR15-2*03	75	99	150	174	288
IGHV1/OR15-3*02	75	99	150	174	288
IGHV1/OR15-3*03	75	99	150	174	288
IGHV1/OR15-4*01	75	99	150	174	288
IGHV1/OR15-8*03	75	99	150	174	288
IGHV1/OR15-5*02	75	99	150	174	288
IGHV1/OR15-9*01	75	99	150	174	288
IGHV1/OR21-1*01	75	99	150	174	288
IGHV2-26*01	75	105	156	177	291
IGHV2-5*01	75	105	156	177	291
IGHV2-5*04	75	105	156	177	291
IGHV2-5*05	75	105	156	177	291
IGHV2-5*06	75	105	156	177	291
IGHV2-5*07	75	105	156	177	291
IGHV2-5*08	75	105	156	177	291
IGHV2-5*09	75	105	156	177	291
IGHV2-5*10	75	105	156	177	291
IGHV2-70*01	75	105	156	177	291
IGHV2-70*02	75	105	156	177	291
IGHV2-70*03	75	105	156	177	291
IGHV2-70*04	75	105	156	177	291
IGHV2-70*06	75	105	156	177	291
IGHV2-70*07	75	105	156	177	291
IGHV2-70*08	75	105	156	177	291
IGHV2-70*09	75	105	156	177	291
IGHV2-70*10	75	105	156	177	291
IGHV2-70*11	75	105	156	177	291
IGHV2-70*12	75	105	156	177	291
IGHV2-70*13	75	105	156	177	291
IGHV2/OR16-5*01	75	105	156	177	291
IGHV3-11*01	75	99	150	174	288
IGHV3-11*03	75	99	150	174	288
IGHV3-11*04	75	99	150	174	288
IGHV3-13*01	75	99	150	171	285
IGHV3-13*02	75	99	150	171	285
IGHV3-13*03	75	99	150	171	285
IGHV3-13*04	75	99	150	171	285
IGHV3-15*01	75	99	150	180	294
IGHV3-15*02	75	99	150	180	294
IGHV3-15*03	75	99	150	180	294
IGHV3-15*04	75	99	150	180	294
IGHV3-15*05	75	99	150	180	294
IGHV3-15*06	75	99	150	180	294
IGHV3-15*07	75	99	150	180	294
IGHV3-15*08	75	99	150	180	294
IGHV3-16*01	75	99	150	174	288
IGHV3-16*02	75	99	150	174	288
IGHV3-19*01	75	99	150	174	288
IGHV3-20*01	75	99	150	174	288
IGHV3-21*01	75	99	150	174	288
IGHV3-21*02	75	99	150	174	288
IGHV3-21*03	75	99	150	174	288
IGHV3-21*04	75	99	150	174	288
IGHV3-22*01	75	99	150	180	294
IGHV3-22*02	75	99	150	180	294
IGHV3-23*01	75	99	150	174	288
IGHV3-23*02	75	99	150	174	288
IGHV3-23*03	75	99	150	174	288
IGHV3-23*04	75	99	150	174	288
IGHV3-23*05	75	99	150	174	288
IGHV3-25*03	75	99	150	174	288
IGHV3-25*04	75	99	150	174	288
IGHV3-30*01	75	99	150	174	288
IGHV3-30*02	75	99	150	174	288
IGHV3-30*03	75	99	150	174	288
IGHV3-30*04	75	99	150	174	288
IGHV3-30*05	75	99	150	174	288
IGHV3-30*06	75	99	150	174	288
IGHV3-30*07	75	99	150	174	288
IGHV3-30*08	75	99	150	174	288
IGHV3-30*09	75	99	150	174	288
IGHV3-30*10	75	99	150	174	288
IGHV3-30*11	75	99	150	174	288
IGHV3-30*12	75	99	150	174	288
IGHV3-30*13	75	99	150	174	288
IGHV3-30*14	75	99	150	174	288
IGHV3-30*15	75	99	150	174	288
IGHV3-30*16	75	99	150	174	288
IGHV3-30*17	75	99	150	174	288
IGHV3-30*18	75	99	150	174	288
IGHV3-30*19	75	99	150	174	288
IGHV3-30-3*01	75	99	150	174	288
IGHV3-30-3*02	75	99	150	174	288
IGHV3-33*01	75	99	150	174	288
IGHV3-33*02	75	99	150	174	288
IGHV3-33*03	75	99	150	174	288
IGHV3-33*04	75	99	150	174	288
IGHV3-33*05	75	99	150	174	288
IGHV3-33*06	75	99	150	174	288
IGHV3-35*01	75	99	150	174	288
IGHV3-38*01	75	99	150	168	282
IGHV3-38*02	75	99	150	168	282
IGHV3-43*01	75	99	150	174	288
IGHV3-43*02	75	99	150	174	288
IGHV3-47*01	75	99	150	171	285
IGHV3-47*02	75	99	150	171	285
IGHV3-48*01	75	99	150	174	288
IGHV3-48*02	75	99	150	174	288
IGHV3-48*03	75	99	150	174	288
IGHV3-48*04	75	99	150	174	288
IGHV3-49*01	75	99	150	180	294
IGHV3-49*02	75	99	150	180	294
IGHV3-49*03	75	99	150	180	294
IGHV3-49*04	75	99	150	180	294
IGHV3-49*05	75	99	150	180	294
IGHV3-52*01	75	99	150	174	288
IGHV3-53*01	75	99	150	171	285
IGHV3-53*02	75	99	150	171	285
IGHV3-53*03	75	99	150	171	285
IGHV3-53*04	75	99	150	171	285
IGHV3-64*01	75	99	150	174	288
IGHV3-64*02	75	99	150	174	288
IGHV3-64*03	75	99	150	174	288
IGHV3-64*04	75	99	150	174	288
IGHV3-64*05	75	99	150	174	288
IGHV3-66*01	75	99	150	171	285
IGHV3-66*02	75	99	150	171	285
IGHV3-66*03	75	99	150	171	285
IGHV3-66*04	75	99	150	171	285
IGHV3-7*01	75	99	150	174	288
IGHV3-7*02	75	99	150	174	288
IGHV3-7*03	75	99	150	174	288
IGHV3-71*01	75	99	150	180	294
IGHV3-71*03	75	99	150	180	294
IGHV3-72*01	75	99	150	180	294
IGHV3-73*01	75	99	150	180	294
IGHV3-73*02	75	99	150	180	294
IGHV3-74*01	75	99	150	174	288
IGHV3-74*02	75	99	150	174	288
IGHV3-74*03	75	99	150	174	288
IGHV3-9*01	75	99	150	174	288
IGHV3-9*02	75	99	150	174	288
IGHV3-NL1*01	75	99	150	174	288
IGHV3-d*01	75	99	150	168	282
IGHV3-h*01	75	99	150	171	285
IGHV3-h*02	75	99	150	171	285
IGHV3/OR15-7*01	75	99	150	180	294
IGHV3/OR15-7*02	75	99	150	180	294
IGHV3/OR15-7*03	75	99	150	180	294
IGHV3/OR15-7*05	75	99	150	180	294
IGHV3/OR16-10*01	75	99	150	171	285
IGHV3/OR16-10*02	75	99	150	171	285
IGHV3/OR16-10*03	75	99	150	171	285
IGHV3/OR16-12*01	75	99	150	174	288
IGHV3/OR16-13*01	75	99	150	174	288
IGHV3/OR16-8*01	75	99	150	174	288
IGHV3/OR16-8*02	75	99	150	174	288
IGHV3/OR16-9*01	75	99	150	174	288
IGHV4-28*01	75	102	153	174	288
IGHV4-28*02	75	102	153	174	288
IGHV4-28*03	75	102	153	174	288
IGHV4-28*04	75	102	153	174	288
IGHV4-28*06	75	102	153	174	288
IGHV4-30-2*01	75	105	156	177	291
IGHV4-30-2*02	75	105	156	177	291
IGHV4-30-2*03	75	105	156	177	291
IGHV4-30-2*05	75	105	156	177	291
IGHV4-30-4*01	75	105	156	177	291
IGHV4-30-4*02	75	105	156	177	291
IGHV4-30-4*06	75	105	156	177	291
IGHV4-31*01	75	105	156	177	291
IGHV4-31*02	75	105	156	177	291
IGHV4-31*03	75	105	156	177	291
IGHV4-31*04	75	105	156	177	291
IGHV4-31*05	75	105	156	177	288
IGHV4-31*10	75	105	156	177	291
IGHV4-34*01	75	99	150	171	285
IGHV4-34*02	75	99	150	171	285
IGHV4-34*04	75	99	150	171	285
IGHV4-34*05	75	99	150	171	285
IGHV4-34*08	75	99	150	171	285
IGHV4-34*09	75	99	150	171	285
IGHV4-34*10	75	99	150	171	285
IGHV4-34*11	75	99	150	171	285
IGHV4-34*12	75	99	150	171	285
IGHV4-34*13	75	99	150	171	285
IGHV4-39*01	75	105	156	177	291
IGHV4-39*02	75	105	156	177	291
IGHV4-39*05	75	105	156	177	291
IGHV4-39*06	75	105	156	177	291
IGHV4-39*07	75	105	156	177	291
IGHV4-4*01	75	102	153	174	288
IGHV4-4*02	75	102	153	174	288
IGHV4-4*07	75	99	150	171	285
IGHV4-55*01	75	102	153	174	288
IGHV4-55*02	75	102	153	174	288
IGHV4-55*08	75	102	153	174	288
IGHV4-55*09	75	102	153	174	288
IGHV4-59*01	75	99	150	171	285
IGHV4-59*02	75	99	150	171	285
IGHV4-59*03	75	99	150	171	285
IGHV4-59*04	75	99	150	171	285
IGHV4-59*05	75	99	150	171	285
IGHV4-59*06	75	99	150	171	285
IGHV4-59*07	75	99	150	171	285
IGHV4-59*08	75	99	150	171	285
IGHV4-59*09	75	99	150	171	285
IGHV4-59*10	75	99	150	171	285
IGHV4-61*01	75	105	156	177	291
IGHV4-61*02	75	105	156	177	291
IGHV4-61*03	75	105	156	177	291
IGHV4-61*05	75	105	156	177	291
IGHV4-61*06	75	105	156	177	291
IGHV4-61*07	75	105	156	177	291
IGHV4-61*08	75	105	156	177	291
IGHV4-b*01	75	102	153	174	288
IGHV4-b*02	75	102	153	174	288
IGHV4/OR15-8*01	75	102	153	174	288
IGHV4/OR15-8*02	75	102	153	174	288
IGHV4/OR15-8*03	75	102	153	174	288
IGHV5-51*01	75	99	150	174	288
IGHV5-51*02	75	99	150	174	288
IGHV5-51*03	75	99	150	174	288
IGHV5-51*04	75	99	150	174	288
IGHV5-78*01	75	99	150	174	288
IGHV5-a*01	75	99	150	174	288
IGHV5-a*02	75	99	150	174	287
IGHV5-a*03	75	99	150	174	288
IGHV5-a*04	75	99	150	174	288
IGHV6-1*01	75	105	156	183	297
IGHV6-1*02	75	105	156	183	297
IGHV7-4-1*01	75	99	150	174	288
IGHV7-4-1*02	75	99	150	174	288
IGHV7-4-1*04	75	99	150	174	288
IGHV7-4-1*05	75	99	150	174	288
IGHV7-81*01	75	99	150	174	288
IGKV1-12*01	78	96	147	156	264
IGKV1-12*02	78	96	147	156	264
IGKV1-13*01	78	96	147	156	264
IGKV1-13*02	78	96	147	156	264
IGKV1-16*01	78	96	147	156	264
IGKV1-16*02	78	96	147	156	264
IGKV1-17*01	78	96	147	156	264
IGKV1-17*02	78	96	147	156	264
IGKV1-27*01	78	96	147	156	264
IGKV1-33*01	78	96	147	156	264
IGKV1-37*01	78	96	147	156	264
IGKV1-39*01	78	96	147	156	264
IGKV1-39*02	78	96	147	156	264
IGKV1-5*01	78	96	147	156	264
IGKV1-5*02	78	96	147	156	264
IGKV1-5*03	78	96	147	156	264
IGKV1-6*01	78	96	147	156	264
IGKV1-8*01	78	96	147	156	264
IGKV1-9*01	78	96	147	156	264
IGKV1-NL1*01	78	96	147	156	264
IGKV1D-12*01	78	96	147	156	264
IGKV1D-12*02	78	96	147	156	264
IGKV1D-13*01	78	96	147	156	264
IGKV1D-16*01	78	96	147	156	264
IGKV1D-16*02	78	96	147	156	264
IGKV1D-17*01	78	96	147	156	264
IGKV1D-17*02	78	96	147	156	264
IGKV1D-33*01	78	96	147	156	264
IGKV1D-37*01	78	96	147	156	264
IGKV1D-39*01	78	96	147	156	264
IGKV1D-42*01	78	96	147	156	264
IGKV1D-43*01	78	96	147	156	264
IGKV1D-8*01	78	96	147	156	264
IGKV2-18*01	78	111	162	171	279
IGKV2-24*01	78	111	162	171	279
IGKV2-28*01	78	111	162	171	279
IGKV2-29*01	78	111	162	171	279
IGKV2-29*02	78	111	162	171	279
IGKV2-29*03	78	111	162	171	279
IGKV2-30*01	78	111	162	171	279
IGKV2-30*02	78	111	162	171	279
IGKV2-4*01	78	111	162	171	279
IGKV2-40*01	78	114	165	174	282
IGKV2D-18*01	78	111	162	171	279
IGKV2D-24*01	78	111	162	171	279
IGKV2D-26*01	78	111	162	171	279
IGKV2D-26*02	78	111	162	171	279
IGKV2D-28*01	78	111	162	171	279
IGKV2D-29*01	78	111	162	171	279
IGKV2D-29*02	78	111	162	171	279
IGKV2D-30*01	78	111	162	171	279
IGKV2D-40*01	78	114	165	174	282
IGKV3-11*01	78	96	147	156	264
IGKV3-11*02	78	96	147	156	264
IGKV3-15*01	78	96	147	156	264
IGKV3-20*01	78	99	150	159	267
IGKV3-20*02	78	99	150	159	267
IGKV3-7*01	78	99	150	159	267
IGKV3-7*02	78	99	150	159	267
IGKV3-7*03	78	99	150	159	267
IGKV3-7*04	78	99	150	159	267
IGKV3-NL1*01	78	96	147	156	264
IGKV3-NL2*01	78	96	147	156	264
IGKV3-NL3*01	78	99	150	159	267
IGKV3-NL4*01	78	96	147	156	264
IGKV3-NL5*01	78	99	150	159	267
IGKV3D-11*01	78	96	147	156	264
IGKV3D-15*01	78	96	147	156	264
IGKV3D-15*02	78	96	147	156	264
IGKV3D-20*01	78	99	150	159	267
IGKV3D-7*01	78	99	150	159	267
IGKV4-1*01	78	114	165	174	282
IGKV5-2*01	78	96	147	156	264
IGKV6-21*01	78	96	147	156	264
IGKV6D-21*01	78	96	147	156	264
IGKV6D-41*01	78	96	147	156	264
IGKV7-3*01	78	108	159	168	276
IGLV1-36*01	75	99	150	159	267
IGLV1-40*01	75	102	153	162	270
IGLV1-40*02	75	102	153	162	270
IGLV1-40*03	75	102	153	162	270
IGLV1-41*01	75	99	150	159	267
IGLV1-41*02	75	99	150	159	267
IGLV1-44*01	75	99	150	159	267
IGLV1-47*01	75	99	150	159	267
IGLV1-47*02	75	99	150	159	267
IGLV1-50*01	75	102	153	162	270
IGLV1-51*01	75	99	150	159	267
IGLV1-51*02	75	99	150	159	267
IGLV10-54*01	75	99	150	159	267
IGLV10-54*02	75	99	150	159	267
IGLV10-54*03	75	99	150	159	267
IGLV11-55*01	75	102	153	174	288
IGLV2-11*01	75	102	153	162	270
IGLV2-11*02	75	102	153	162	270
IGLV2-14*01	75	102	153	162	270
IGLV2-14*02	75	102	153	162	270
IGLV2-18*01	75	102	153	162	270
IGLV2-18*02	75	102	153	162	270
IGLV2-18*03	75	102	153	162	270
IGLV2-18*04	75	102	153	162	270
IGLV2-23*01	75	102	153	162	270
IGLV2-23*02	75	102	153	162	270
IGLV2-23*03	75	102	153	162	270
IGLV2-33*01	75	102	153	162	270
IGLV2-33*02	75	102	153	162	270
IGLV2-33*03	75	102	153	162	270
IGLV2-8*01	75	102	153	162	270
IGLV2-8*02	75	102	153	162	270
IGLV3-1*01	75	93	144	153	261
IGLV3-10*01	75	93	144	153	261
IGLV3-10*02	75	93	144	153	261
IGLV3-12*01	75	93	144	153	261
IGLV3-12*02	75	93	144	153	261
IGLV3-13*01	75	93	144	153	261
IGLV3-16*01	75	93	144	153	261
IGLV3-19*01	75	93	144	153	261
IGLV3-21*01	75	93	144	153	261
IGLV3-21*02	75	93	144	153	261
IGLV3-21*03	75	93	144	153	261
IGLV3-22*01	75	93	144	153	261
IGLV3-25*01	75	93	144	153	261
IGLV3-25*02	75	93	144	153	261
IGLV3-25*03	75	93	144	153	261
IGLV3-27*01	75	93	144	153	261
IGLV3-32*01	75	93	144	153	261
IGLV3-9*01	75	93	144	153	261
IGLV3-9*02	75	93	144	153	261
IGLV4-3*01	75	96	147	168	276
IGLV4-60*01	75	96	147	168	276
IGLV4-60*02	75	96	147	168	276
IGLV4-60*03	75	96	147	168	276
IGLV4-69*01	75	96	147	168	276
IGLV4-69*02	75	96	147	168	276
IGLV5-37*01	75	102	153	174	288
IGLV5-39*01	75	102	153	174	288
IGLV5-39*02	75	102	153	174	288
IGLV5-45*01	75	102	153	174	288
IGLV5-45*02	75	102	153	174	288
IGLV5-45*03	75	102	153	174	288
IGLV5-48*01	75	102	153	174	288
IGLV5-52*01	75	102	153	174	288
IGLV6-57*01	75	99	150	159	273
IGLV7-43*01	75	102	153	162	270
IGLV7-46*01	75	102	153	162	270
IGLV7-46*02	75	102	153	162	270
IGLV8-61*01	75	102	153	162	270
IGLV8-61*02	75	102	153	162	270
IGLV8/OR8-1*02	75	102	153	162	270
IGLV9-49*01	75	96	147	171	279
IGLV9-49*02	75	96	147	171	279
IGLV9-49*03	75	96	147	171	279
L1	78	96	147	156	264
L10	78	99	150	159	267
L10a	78	99	150	159	267
L11	78	96	147	156	264
L12	78	96	147	156	264
L12a	78	96	147	156	264
L14	78	96	147	156	264
L15	78	96	147	156	264
L15a	78	96	147	156	264
L16	78	96	147	156	264
L18	78	96	147	156	264
L19	78	96	147	156	264
L2	78	96	147	156	264
L20	78	96	147	156	264
L22	78	96	147	156	264
L23	78	96	147	156	264
L24	78	96	147	156	264
L4/18a	78	96	147	156	264
L5	78	96	147	156	264
L6	78	96	147	156	264
L8	78	96	147	156	264
L9	78	96	147	156	264
O1	78	114	165	174	282
O11	78	114	165	174	282
O12	78	96	147	156	264
O12a	78	96	147	156	264
O14	78	96	147	156	264
O18	78	96	147	156	264
O2	78	96	147	156	264
O4	78	96	147	156	264
O8	78	96	147	156	264
V1-11	75	99	150	159	267
V1-13	75	102	153	162	270
V1-16	75	99	150	159	267
V1-17	75	99	150	159	267
V1-18	75	102	153	162	270
V1-19	75	99	150	159	267
V1-2	75	102	153	162	270
V1-20	75	99	150	159	267
V1-22	75	99	150	159	273
V1-3	75	102	153	162	270
V1-4	75	102	153	162	270
V1-5	75	102	153	162	270
V1-7	75	102	153	162	270
V1-9	75	102	153	162	270
V2-1	75	93	144	153	261
V2-11	75	93	144	153	261
V2-13	75	93	144	153	261
V2-14	75	93	144	153	261
V2-15	75	93	144	153	261
V2-17	75	93	144	153	261
V2-19	75	93	144	153	261
V2-6	75	93	144	153	261
V2-7	75	93	144	153	261
V2-8	75	93	144	153	261
V3-2	75	102	153	162	270
V3-3	75	102	153	162	270
V3-4	75	102	153	162	270
V4-1	75	102	153	174	288
V4-2	75	102	153	174	288
V4-3	75	102	153	174	288
V4-4	75	102	153	174	288
V4-6	75	102	153	174	288
V5-1	75	96	147	168	276
V5-2	75	96	147	171	279
V5-4	75	96	147	168	276
V5-6	75	96	147	168	276
VH1-18	75	99	150	174	288
VH1-2	75	99	150	174	288
VH1-24	75	99	150	174	288
VH1-3	75	99	150	174	288
VH1-45	75	99	150	174	288
VH1-46	75	99	150	174	288
VH1-58	75	99	150	174	288
VH1-69	75	99	150	174	288
VH1-8	75	99	150	174	288
VH2-26	75	105	156	177	291
VH2-5	75	105	156	177	291
VH2-70	75	105	156	177	291
VH3-11	75	99	150	174	288
VH3-13	75	99	150	171	285
VH3-15	75	99	150	180	294
VH3-16	75	99	150	174	288
VH3-20	75	99	150	174	288
VH3-21	75	99	150	174	288
VH3-23	75	99	150	174	288
VH3-30	75	99	150	174	288
VH3-33	75	99	150	174	288
VH3-35	75	99	150	174	288
VH3-38	75	99	150	168	282
VH3-43	75	99	150	174	288
VH3-48	75	99	150	174	288
VH3-49	75	99	150	180	294
VH3-53	75	99	150	171	285
VH3-64	75	99	150	174	288
VH3-66	75	99	150	171	285
VH3-7	75	99	150	174	288
VH3-72	75	99	150	180	294
VH3-73	75	99	150	180	294
VH3-74	75	99	150	174	288
VH3-9	75	99	150	174	288
VH4-28	75	102	153	174	288
VH4-31	75	105	156	177	291
VH4-34	75	99	150	171	285
VH4-39	75	105	156	177	291
VH4-4	75	99	150	171	285
VH4-59	75	99	150	171	285
VH4-61	75	105	156	177	291
VH5-51	75	99	150	174	288
VH6-1	75	105	156	183	297
VH7-81	75	99	150	174	288
TRAV1-1*01	75	93	144	162	264
TRAV1-1*02	75	93	144	162	264
TRAV1-2*01	75	93	144	162	264
TRAV10*01	78	96	147	168	270
TRAV11*01	78	96	147	168	270
TRAV12-1*01	78	96	147	165	264
TRAV12-1*02	78	96	147	165	264
TRAV12-2*01	78	96	147	165	267
TRAV12-2*02	78	96	147	165	267
TRAV12-3*01	78	96	147	165	267
TRAV12-3*02	78	96	147	165	267
TRAV13-1*01	78	96	147	168	270
TRAV13-1*02	78	96	147	168	270
TRAV13-2*01	78	96	147	168	270
TRAV13-2*02	78	96	147	168	270
TRAV14/DV4*01	78	99	150	174	276
TRAV14/DV4*02	78	99	150	174	276
TRAV14/DV4*03	78	99	150	174	276
TRAV16*01	78	96	147	159	261
TRAV17*01	78	93	144	165	267
TRAV18*01	78	96	147	165	267
TRAV19*01	78	99	150	174	276
TRAV2*01	75	93	144	156	252
TRAV2*02	75	93	144	156	252
TRAV20*01	78	96	147	168	264
TRAV20*02	78	96	147	168	264
TRAV20*03	78	96	147	168	264
TRAV20*04	78	96	147	168	264
TRAV21*01	78	96	147	168	270
TRAV22*01	78	93	144	159	261
TRAV23/DV6*01	78	96	147	168	270
TRAV23/DV6*02	78	96	147	168	270
TRAV23/DV6*03	78	96	147	168	270
TRAV24*01	78	96	147	168	270
TRAV24*02	78	96	147	168	270
TRAV25*01	78	93	144	165	267
TRAV26-1*01	75	96	147	162	264
TRAV26-1*02	75	96	147	162	264
TRAV26-1*03	75	96	147	162	264
TRAV26-2*01	75	96	147	162	264
TRAV27*01	78	93	144	165	267
TRAV27*02	78	93	144	165	267
TRAV27*03	78	93	144	165	267
TRAV29/DV5*01	78	96	147	168	270
TRAV29/DV5*02	78	96	147	168	270
TRAV3*01	78	96	147	171	273
TRAV30*01	75	90	141	162	264
TRAV34*01	78	93	144	165	267
TRAV35*01	78	93	144	165	267
TRAV35*02	78	93	144	165	267
TRAV36/DV7*01	78	96	144	165	267
TRAV36/DV7*02	78	96	144	165	267
TRAV36/DV7*03	78	96	144	165	267
TRAV36/DV7*04	78	96	144	165	267
TRAV38-1*01	78	99	150	174	276
TRAV38-1*02	78	99	150	174	276
TRAV38-1*03	78	99	150	174	276
TRAV38-1*04	78	99	150	174	276
TRAV38-2/DV8*01	78	99	150	174	276
TRAV39*01	78	93	144	165	267
TRAV4*01	75	96	147	162	264
TRAV40*01	75	93	144	156	252
TRAV41*01	78	93	144	159	261
TRAV5*01	75	93	144	165	267
TRAV6*01	78	96	147	168	270
TRAV6*02	78	96	147	168	270
TRAV7*01	78	96	147	168	264
TRAV8-1*01	78	96	147	171	273
TRAV8-2*01	78	96	147	171	273
TRAV8-2*02	78	96	147	171	273
TRAV8-3*01	78	96	147	171	273
TRAV8-3*02	78	96	147	171	273
TRAV8-3*03	78	96	147	171	273
TRAV8-4*01	78	96	147	171	273
TRAV8-4*02	78	96	147	171	273
TRAV8-4*03	78	96	147	171	273
TRAV8-4*04	78	96	147	171	273
TRAV8-4*05	78	96	147	171	273
TRAV8-6*01	78	96	147	171	273
TRAV8-6*02	78	96	147	171	273
TRAV8-7*01	78	96	147	171	273
TRAV9-1*01	78	96	147	168	270
TRAV9-2*01	78	96	147	168	270
TRAV9-2*02	78	96	147	168	270
TRAV9-2*03	78	96	147	168	270
TRAV9-2*04	78	96	147	168	270
TRBV10-1*01	78	93	144	162	273
TRBV10-1*02	78	93	144	162	273
TRBV10-2*01	78	93	144	162	273
TRBV10-3*01	78	93	144	162	273
TRBV10-3*02	78	93	144	162	273
TRBV10-3*03	78	93	144	162	273
TRBV10-3*04	78	93	144	162	273
TRBV11-1*01	78	93	144	162	276
TRBV11-2*01	78	93	144	162	276
TRBV11-2*02	78	93	144	162	276
TRBV11-2*03	78	93	144	162	276
TRBV11-3*01	78	93	144	162	276
TRBV11-3*02	78	93	144	162	276
TRBV12-3*01	78	93	144	162	276
TRBV12-4*01	78	93	144	162	276
TRBV12-4*02	78	93	144	162	276
TRBV12-5*01	78	93	144	162	276
TRBV13*01	78	93	144	162	273
TRBV13*02	78	93	144	162	273
TRBV14*01	78	93	144	162	276
TRBV14*02	78	93	144	162	276
TRBV15*01	78	93	144	162	273
TRBV15*02	78	93	144	162	273
TRBV15*03	78	93	144	162	273
TRBV16*01	78	93	144	162	276
TRBV16*03	78	93	144	162	276
TRBV17*01	78	93	144	162	276
TRBV18*01	78	93	144	162	276
TRBV19*01	78	93	144	162	273
TRBV19*02	78	93	144	162	273
TRBV19*03	78	93	144	162	273
TRBV2*01	78	93	144	162	276
TRBV2*02	78	93	144	162	276
TRBV2*03	78	93	144	162	276
TRBV20-1*01	78	96	147	168	282
TRBV20-1*02	78	96	147	168	282
TRBV20-1*03	78	96	147	168	282
TRBV20-1*04	78	96	147	168	282
TRBV20-1*05	78	96	147	168	282
TRBV20-1*06	78	96	147	168	282
TRBV20-1*07	78	96	147	168	282
TRBV20/OR9-2*01	78	96	147	168	282
TRBV20/OR9-2*02	78	96	147	168	282
TRBV20/OR9-2*03	78	96	147	168	282
TRBV23-1*01	78	93	144	162	276
TRBV24-1*01	78	93	144	162	273
TRBV24/OR9-2*01	78	93	144	162	273
TRBV25-1*01	78	93	144	162	273
TRBV27*01	78	93	144	162	273
TRBV28*01	78	93	144	162	273
TRBV29-1*01	78	93	144	165	279
TRBV29-1*02	78	93	144	165	279
TRBV29/OR9-2*01	78	93	144	165	279
TRBV29/OR9-2*02	78	93	144	165	279
TRBV3-1*01	78	93	144	162	273
TRBV3-1*02	78	93	144	162	273
TRBV3-2*03	78	93	144	162	273
TRBV30*01	78	96	147	162	273
TRBV30*02	78	96	147	162	273
TRBV30*04	72	90	141	156	267
TRBV30*05	78	96	147	162	273
TRBV4-1*01	78	93	144	162	273
TRBV4-2*01	78	93	144	162	273
TRBV4-2*02	78	93	144	162	273
TRBV4-3*01	78	93	144	162	273
TRBV4-3*02	78	93	144	162	273
TRBV4-3*03	78	93	144	162	273
TRBV5-1*01	78	93	144	162	273
TRBV5-1*02	78	93	144	162	273
TRBV5-3*01	78	93	144	162	273
TRBV5-3*02	78	93	144	162	273
TRBV5-4*01	78	93	144	162	273
TRBV5-4*02	78	93	144	162	273
TRBV5-5*01	78	93	144	162	273
TRBV5-5*02	78	93	144	162	273
TRBV5-5*03	78	93	144	162	273
TRBV5-6*01	78	93	144	162	273
TRBV5-7*01	78	93	144	162	273
TRBV5-8*01	78	93	144	162	273
TRBV6-1*01	78	93	144	162	273
TRBV6-2*01	78	93	144	162	273
TRBV6-3*01	78	93	144	162	273
TRBV6-4*01	78	93	144	162	273
TRBV6-4*02	78	93	144	162	273
TRBV6-5*01	78	93	144	162	273
TRBV6-6*01	78	93	144	162	273
TRBV6-6*02	78	93	144	162	273
TRBV6-6*03	78	93	144	162	273
TRBV6-6*04	78	93	144	162	273
TRBV6-6*05	78	93	144	162	273
TRBV6-7*01	78	93	144	162	273
TRBV6-8*01	78	93	144	162	270
TRBV6-9*01	78	93	144	162	273
TRBV7-1*01	78	93	144	162	276
TRBV7-2*01	78	93	144	162	276
TRBV7-2*02	78	93	144	162	276
TRBV7-2*03	78	93	144	162	276
TRBV7-2*04	78	93	144	162	276
TRBV7-3*01	78	93	144	162	276
TRBV7-3*02	78	93	144	162	276
TRBV7-3*03	78	93	144	162	276
TRBV7-3*04	78	93	144	162	276
TRBV7-4*01	78	93	144	162	276
TRBV7-6*01	78	93	144	162	276
TRBV7-6*02	78	93	144	162	276
TRBV7-7*01	78	93	144	162	276
TRBV7-7*02	78	93	144	162	276
TRBV7-8*01	78	93	144	162	276
TRBV7-8*02	78	93	144	162	276
TRBV7-8*03	78	93	144	162	276
TRBV7-9*01	78	93	144	162	276
TRBV7-9*02	78	93	144	162	276
TRBV7-9*03	78	93	144	162	276
TRBV7-9*04	78	93	144	162	276
TRBV7-9*05	78	93	144	162	276
TRBV7-9*06	78	93	144	162	276
TRBV9*01	78	93	144	162	273
TRBV9*02	78	93	144	162	273
TRBV9*03	78	93	144	162	273
TRAV14/DV4*01	78	99	150	174	276
TRAV14/DV4*02	78	99	150	174	276
TRAV14/DV4*03	78	99	150	174	276
TRAV23/DV6*01	78	96	147	168	270
TRAV23/DV6*02	78	96	147	168	270
TRAV23/DV6*03	78	96	147	168	270
TRAV29/DV5*01	78	96	147	168	270
TRAV29/DV5*02	78	96	147	168	270
TRAV36/DV7*01	78	96	144	165	267
TRAV36/DV7*02	78	96	144	165	267
TRAV36/DV7*03	78	96	144	165	267
TRAV36/DV7*04	78	96	144	165	267
TRAV38-2/DV8*01	78	99	150	174	276
TRDV1*01	78	99	150	159	273
TRDV2*01	78	102	153	162	276
TRDV2*03	78	102	153	162	276
TRDV3*01	78	99	150	165	282
TRDV3*02	78	99	150	165	282
TRGV1*01	78	96	147	171	282
TRGV10*01	78	102	153	177	294
TRGV10*02	78	102	153	177	294
TRGV11*01	78	102	153	174	291
TRGV11*02	78	102	153	174	291
TRGV2*01	78	96	147	171	285
TRGV2*02	78	96	147	171	285
TRGV3*01	78	96	147	171	285
TRGV3*02	78	96	147	171	285
TRGV4*01	78	96	147	171	285
TRGV4*02	78	96	147	171	285
TRGV5*01	78	96	147	171	285
TRGV8*01	78	96	147	171	285
TRGV9*01	78	102	153	174	291
TRGV9*02	78	102	153	174	291