# contains end positions for each of the variable gene regions
# germline genes downloaded from IMGT on 11-03-2014 (imgt.org/genedb/)
# Gene	FR1	CDR1	FR2	CDR2	FR3
IGHV1S-1*01	75	99	150	171	279
IGHV1S-13*01	75	99	150	171	279
IGHV1S-17*01	75	99	150	171	279
IGHV1S-24*01	75	99	150	171	279
IGHV1S-25*01	75	99	150	171	279
IGHV1S-26*01	72	96	147	168	282
IGHV1S-28*01	72	96	147	168	282
IGHV1S-31*01	72	96	147	168	282
IGHV1S-33*01	75	99	150	171	285
IGHV1S-34*01	72	96	147	168	282
IGHV1S-36*01	75	99	150	171	279
IGHV1S-40*01	72	99	150	177	288
IGHV1S-43*01	75	102	153	177	291
IGHV1S-44*01	72	96	147	168	279
IGHV1S-45*01	75	102	153	180	291
IGHV1S-47*01	75	99	150	174	288
IGHV1S-49*01	72	96	147	168	282
IGHV1S-50*01	72	96	147	168	282
IGHV1S-51*01	72	96	147	168	282
IGHV1S-52*01	72	96	147	168	282
IGHV1S-53*01	75	99	150	171	285
IGHV1S-54*01	72	96	147	168	282
IGHV1S-55*01	72	96	147	168	282
IGHV1S-56*01	75	99	150	171	285
IGHV1S-57*01	72	96	147	168	282
IGHV1S-58*01	75	99	150	171	285
IGHV1S-59*01	72	96	147	168	282
IGHV1S-60*01	72	96	147	168	282
IGHV1S-61*01	72	96	147	168	282
IGHV1S-62*01	72	96	147	168	282
IGHV1S-63*01	72	96	147	168	282
IGHV1S-64*01	72	96	147	168	282
IGHV1S-65*01	72	96	147	168	282
IGHV1S-66*01	72	96	147	168	282
IGHV1S-67*01	72	96	147	168	282
IGHV1S-68*01	72	96	147	168	282
IGHV1S-69*01	72	96	147	168	276
IGHV1S-7*01	72	96	147	171	285
IGHV1S-8*01	75	99	150	171	285
IGKV1S-1*01	78	102	153	162	270
IGKV1S-10*01	78	96	147	156	264
IGKV1S-11*01	78	102	153	162	270
IGKV1S-12*01	78	102	153	162	270
IGKV1S-14*01	78	102	153	162	270
IGKV1S-15*01	78	102	153	162	270
IGKV1S-16*01	78	102	153	162	270
IGKV1S-17*01	78	96	147	156	264
IGKV1S-18*01	78	102	153	162	270
IGKV1S-19*01	78	102	153	162	270
IGKV1S-2*01	78	102	153	162	270
IGKV1S-2*02	78	102	153	162	270
IGKV1S-20*01	78	102	153	162	270
IGKV1S-21*01	78	96	147	156	264
IGKV1S-22*01	78	102	153	162	270
IGKV1S-23*01	78	102	153	162	270
IGKV1S-24*01	78	102	153	162	270
IGKV1S-25*01	78	102	153	162	270
IGKV1S-26*01	78	96	147	156	264
IGKV1S-27*01	78	96	147	156	264
IGKV1S-28*01	78	96	147	156	264
IGKV1S-29*01	78	96	147	156	264
IGKV1S-3*01	78	96	147	156	264
IGKV1S-3*02	78	96	147	156	264
IGKV1S-30*01	78	102	153	162	270
IGKV1S-31*01	78	102	153	162	270
IGKV1S-32*01	78	96	147	156	264
IGKV1S-33*01	78	102	153	162	270
IGKV1S-34*01	78	96	147	156	264
IGKV1S-35*01	78	96	147	156	264
IGKV1S-36*01	78	96	147	156	264
IGKV1S-37*01	78	96	147	156	264
IGKV1S-39*01	78	96	147	156	264
IGKV1S-40*01	78	102	153	162	270
IGKV1S-41*01	78	102	153	162	270
IGKV1S-42*01	78	96	147	156	264
IGKV1S-44*01	78	96	147	156	264
IGKV1S-45*01	78	102	153	162	270
IGKV1S-46*01	78	102	153	162	270
IGKV1S-47*01	78	96	147	156	264
IGKV1S-48*01	78	102	153	162	270
IGKV1S-49*01	78	96	147	156	264
IGKV1S-5*01	78	102	153	162	270
IGKV1S-50*01	78	102	153	162	270
IGKV1S-51*01	78	96	147	156	264
IGKV1S-52*01	78	102	153	162	270
IGKV1S-53*01	78	102	153	162	270
IGKV1S-54*01	78	102	153	162	270
IGKV1S-55*01	78	102	153	162	270
IGKV1S-56*01	78	102	153	162	270
IGKV1S-57*01	78	102	153	162	270
IGKV1S-58*01	78	96	147	156	264
IGKV1S-59*01	78	102	153	162	270
IGKV1S-6*01	78	96	147	156	264
IGKV1S-60*01	78	102	153	162	270
IGKV1S-61*01	78	96	147	156	264
IGKV1S-62*01	78	102	153	162	270
IGKV1S-63*01	78	102	153	162	270
IGKV1S-64*01	78	102	153	162	270
IGKV1S-65*01	78	96	147	156	264
IGKV1S-66*01	78	102	153	162	270
IGKV1S-67*01	78	96	147	156	264
IGKV1S-68*01	78	102	153	162	270
IGKV1S-7*01	78	96	147	156	264
IGKV1S-8*01	78	102	153	162	270
IGKV1S-9*01	78	102	153	162	270
IGLV2S-1*01	75	102	153	162	270
IGLV2S-2*01	75	102	153	162	270
IGLV3S-2*01	75	93	144	153	261
IGLV3S-6*01	75	93	144	153	261
IGLV3S-7*01	75	93	144	153	261
IGLV3S-9*01	75	93	144	153	261
IGLV4S-3*01	75	96	147	168	276
IGLV4S-4*01	75	96	147	168	276
IGLV5S-1*01	75	102	153	174	288
IGLV5S-10*01	75	102	153	174	288
IGLV5S-2*01	75	102	153	174	288
IGLV5S-3*01	75	102	153	174	288
IGLV5S-5*01	75	102	153	174	288
IGLV5S-6*01	75	102	153	174	288
IGLV5S-9*01	75	102	153	174	288
IGLV6S-1*01	75	99	150	159	273
IGLV6S-3*01	75	99	150	159	273
IGLV6S-5*01	75	99	150	159	273
IGLV6S-6*01	75	99	150	159	273
IGLV6S-7*01	75	99	150	159	273