# contains end positions for each of the variable gene regions
# Gene	FR1	CDR1	FR2	CDR2	FR3
IGHV1-18*01	75	99	150	174	288
IGHV1-18*02	75	99	150	174	288
IGHV1-18*03	75	99	150	174	288
IGHV1-18*04	75	99	150	174	288
IGHV1-2*01	75	99	150	174	288
IGHV1-2*02	75	99	150	174	288
IGHV1-2*03	75	99	150	174	288
IGHV1-2*04	75	99	150	174	288
IGHV1-2*05	75	99	150	174	288
IGHV1-24*01	75	99	150	174	288
IGHV1-3*01	75	99	150	174	288
IGHV1-3*02	75	99	150	174	288
IGHV1-45*01	75	99	150	174	288
IGHV1-45*02	75	99	150	174	288
IGHV1-45*03	75	99	150	174	288
IGHV1-46*01	75	99	150	174	288
IGHV1-46*02	75	99	150	174	288
IGHV1-46*03	75	99	150	174	288
IGHV1-58*01	75	99	150	174	288
IGHV1-58*02	75	99	150	174	288
IGHV1-69*01	75	99	150	174	288
IGHV1-69*02	75	99	150	174	288
IGHV1-69*03	75	99	150	174	288
IGHV1-69*04	75	99	150	174	288
IGHV1-69*05	75	99	150	174	288
IGHV1-69*06	75	99	150	174	288
IGHV1-69*07	75	99	150	174	288
IGHV1-69*08	75	99	150	174	288
IGHV1-69*09	75	99	150	174	288
IGHV1-69*10	75	99	150	174	288
IGHV1-69*11	75	99	150	174	288
IGHV1-69*12	75	99	150	174	288
IGHV1-69*13	75	99	150	174	288
IGHV1-69*14	75	99	150	174	288
IGHV1-69-2*01	75	99	150	174	288
IGHV1-69-2*02	75	99	150	174	288
IGHV1-69D*01	75	99	150	174	288
IGHV1-8*01	75	99	150	174	288
IGHV1-8*02	75	99	150	174	288
IGHV2-26*01	75	105	156	177	291
IGHV2-5*01	75	105	156	177	291
IGHV2-5*02	75	105	156	177	291
IGHV2-5*03	75	105	156	177	291
IGHV2-5*04	75	105	156	177	291
IGHV2-5*05	75	105	156	177	291
IGHV2-5*06	75	105	156	177	291
IGHV2-5*08	75	105	156	177	291
IGHV2-5*09	75	105	156	177	291
IGHV2-70*01	75	105	156	177	291
IGHV2-70*02	75	105	156	177	288
IGHV2-70*03	75	105	156	177	288
IGHV2-70*04	75	105	156	177	288
IGHV2-70*05	75	105	156	177	235
IGHV2-70*06	75	105	156	177	288
IGHV2-70*07	75	105	156	177	288
IGHV2-70*08	75	105	156	177	288
IGHV2-70*09	75	105	156	177	291
IGHV2-70*10	75	105	156	177	291
IGHV2-70*11	75	105	156	177	291
IGHV2-70*12	75	105	156	177	291
IGHV2-70*13	75	105	156	177	291
IGHV2-70D*04	75	105	156	177	291
IGHV2-70D*14	75	105	156	177	291
IGHV3-11*01	75	99	150	174	288
IGHV3-11*03	75	99	150	174	288
IGHV3-11*04	75	99	150	174	288
IGHV3-11*05	75	99	150	174	288
IGHV3-11*06	75	99	150	174	288
IGHV3-13*01	75	99	150	171	285
IGHV3-13*02	75	99	150	171	285
IGHV3-13*03	75	99	150	171	285
IGHV3-13*04	75	99	150	171	285
IGHV3-13*05	75	99	150	171	285
IGHV3-15*01	75	99	150	180	294
IGHV3-15*02	75	99	150	180	294
IGHV3-15*03	75	99	150	180	294
IGHV3-15*04	75	99	150	180	294
IGHV3-15*05	75	99	150	180	294
IGHV3-15*06	75	99	150	180	294
IGHV3-15*07	75	99	150	180	294
IGHV3-15*08	75	99	150	180	294
IGHV3-20*01	75	99	150	174	288
IGHV3-20*02	75	99	150	174	288
IGHV3-21*01	75	99	150	174	288
IGHV3-21*02	75	99	150	174	288
IGHV3-21*03	75	99	150	174	288
IGHV3-21*04	75	99	150	174	288
IGHV3-23*01	75	99	150	174	288
IGHV3-23*02	75	99	150	174	288
IGHV3-23*03	75	99	150	174	288
IGHV3-23*04	75	99	150	174	288
IGHV3-23*05	75	99	150	174	288
IGHV3-23D*01	75	99	150	174	288
IGHV3-30*01	75	99	150	174	288
IGHV3-30*02	75	99	150	174	288
IGHV3-30*03	75	99	150	174	288
IGHV3-30*04	75	99	150	174	288
IGHV3-30*05	75	99	150	174	288
IGHV3-30*06	75	99	150	174	288
IGHV3-30*07	75	99	150	174	288
IGHV3-30*08	75	99	150	174	288
IGHV3-30*09	75	99	150	174	288
IGHV3-30*10	75	99	150	174	288
IGHV3-30*11	75	99	150	174	288
IGHV3-30*12	75	99	150	174	288
IGHV3-30*13	75	99	150	174	288
IGHV3-30*14	75	99	150	174	288
IGHV3-30*15	75	99	150	174	288
IGHV3-30*16	75	99	150	174	288
IGHV3-30*17	75	99	150	174	288
IGHV3-30*18	75	99	150	174	288
IGHV3-30*19	75	99	150	174	288
IGHV3-30-3*01	75	99	150	174	288
IGHV3-30-3*02	75	99	150	174	288
IGHV3-30-3*03	75	99	150	174	288
IGHV3-33*01	75	99	150	174	288
IGHV3-33*02	75	99	150	174	288
IGHV3-33*03	75	99	150	174	288
IGHV3-33*04	75	99	150	174	288
IGHV3-33*05	75	99	150	174	288
IGHV3-33*06	75	99	150	174	288
IGHV3-43*01	75	99	150	174	288
IGHV3-43*02	75	99	150	174	288
IGHV3-43D*01	75	99	150	174	288
IGHV3-48*01	75	99	150	174	288
IGHV3-48*02	75	99	150	174	288
IGHV3-48*03	75	99	150	174	288
IGHV3-48*04	75	99	150	174	288
IGHV3-49*01	75	99	150	180	294
IGHV3-49*02	75	99	150	180	294
IGHV3-49*03	75	99	150	180	294
IGHV3-49*04	75	99	150	180	294
IGHV3-49*05	75	99	150	180	294
IGHV3-53*01	75	99	150	171	285
IGHV3-53*02	75	99	150	171	285
IGHV3-53*03	75	99	150	171	285
IGHV3-53*04	75	99	150	171	285
IGHV3-64*01	75	99	150	174	288
IGHV3-64*02	75	99	150	174	288
IGHV3-64*03	75	99	150	174	288
IGHV3-64*04	75	99	150	174	288
IGHV3-64*05	75	99	150	174	288
IGHV3-64D*06	75	99	150	174	288
IGHV3-66*01	75	99	150	171	285
IGHV3-66*02	75	99	150	171	285
IGHV3-66*03	75	99	150	171	285
IGHV3-66*04	75	99	150	171	285
IGHV3-7*01	75	99	150	174	288
IGHV3-7*02	75	99	150	174	288
IGHV3-7*03	75	99	150	174	288
IGHV3-72*01	75	99	150	180	294
IGHV3-72*02	1	18	69	99	165
IGHV3-73*01	75	99	150	180	294
IGHV3-73*02	75	99	150	180	294
IGHV3-74*01	75	99	150	174	288
IGHV3-74*02	75	99	150	174	288
IGHV3-74*03	75	99	150	174	288
IGHV3-9*01	75	99	150	174	288
IGHV3-9*02	75	99	150	174	288
IGHV3-9*03	75	99	150	174	288
IGHV3-NL1*01	75	99	150	174	288
IGHV4-28*01	75	102	153	174	288
IGHV4-28*02	75	102	153	174	288
IGHV4-28*03	75	102	153	174	288
IGHV4-28*04	75	102	153	174	288
IGHV4-28*05	75	102	153	174	288
IGHV4-28*06	75	102	153	174	288
IGHV4-28*07	75	102	153	174	288
IGHV4-30-2*01	75	105	156	177	291
IGHV4-30-2*02	75	105	156	177	291
IGHV4-30-2*03	75	105	156	177	291
IGHV4-30-2*04	3	33	84	105	219
IGHV4-30-2*05	75	105	156	177	291
IGHV4-30-2*06	75	105	156	177	291
IGHV4-30-4*01	75	105	156	177	291
IGHV4-30-4*02	75	105	156	177	291
IGHV4-30-4*03	75	105	156	177	291
IGHV4-30-4*04	75	105	156	177	291
IGHV4-30-4*05	4	34	85	106	220
IGHV4-30-4*06	3	33	84	105	219
IGHV4-30-4*07	75	105	156	177	291
IGHV4-31*01	75	105	156	177	291
IGHV4-31*02	75	105	156	177	291
IGHV4-31*03	75	105	156	177	291
IGHV4-31*04	75	105	156	177	291
IGHV4-31*05	75	105	156	177	291
IGHV4-31*06	75	105	156	177	291
IGHV4-31*07	75	105	156	177	291
IGHV4-31*08	75	105	156	177	291
IGHV4-31*09	75	105	156	177	291
IGHV4-31*10	75	105	156	177	291
IGHV4-34*01	75	99	150	171	285
IGHV4-34*02	75	99	150	171	285
IGHV4-34*03	75	99	150	171	282
IGHV4-34*04	75	99	150	171	285
IGHV4-34*05	75	99	150	171	285
IGHV4-34*06	75	99	150	171	282
IGHV4-34*07	75	99	150	171	282
IGHV4-34*08	75	99	150	171	285
IGHV4-34*09	75	99	150	171	285
IGHV4-34*10	75	99	150	171	285
IGHV4-34*11	75	99	150	171	285
IGHV4-34*12	75	99	150	171	285
IGHV4-34*13	3	27	78	99	213
IGHV4-38-2*01	75	102	153	174	288
IGHV4-38-2*02	75	102	153	174	288
IGHV4-39*01	75	105	156	177	291
IGHV4-39*02	75	105	156	177	291
IGHV4-39*03	75	105	156	177	288
IGHV4-39*04	1	26	77	98	194
IGHV4-39*05	75	105	156	177	291
IGHV4-39*06	75	105	156	177	291
IGHV4-39*07	75	105	156	177	291
IGHV4-4*01	75	102	153	174	288
IGHV4-4*02	75	102	153	174	288
IGHV4-4*03	75	102	153	174	285
IGHV4-4*04	75	102	153	174	285
IGHV4-4*05	75	102	153	174	285
IGHV4-4*06	3	30	81	102	216
IGHV4-4*07	75	99	150	171	285
IGHV4-4*08	75	99	150	171	285
IGHV4-59*01	75	99	150	171	285
IGHV4-59*02	75	99	150	171	285
IGHV4-59*03	75	99	150	171	285
IGHV4-59*04	75	99	150	171	285
IGHV4-59*05	75	99	150	171	285
IGHV4-59*06	75	99	150	171	285
IGHV4-59*07	75	99	150	171	285
IGHV4-59*08	75	99	150	171	285
IGHV4-59*09	75	99	150	171	285
IGHV4-59*10	75	99	150	171	285
IGHV4-61*01	75	105	156	177	291
IGHV4-61*02	75	105	156	177	291
IGHV4-61*03	75	105	156	177	291
IGHV4-61*04	75	105	156	177	285
IGHV4-61*05	75	105	156	177	291
IGHV4-61*06	75	105	156	177	291
IGHV4-61*07	75	105	156	177	291
IGHV4-61*08	75	105	156	177	291
IGHV5-10-1*01	75	99	150	174	288
IGHV5-10-1*02	75	99	150	174	288
IGHV5-10-1*03	75	99	150	174	288
IGHV5-10-1*04	75	99	150	174	288
IGHV5-51*01	75	99	150	174	288
IGHV5-51*02	75	99	150	174	288
IGHV5-51*03	75	99	150	174	288
IGHV5-51*04	75	99	150	174	288
IGHV5-51*05	41	65	116	140	245
IGHV6-1*01	75	105	156	183	297
IGHV6-1*02	75	105	156	183	297
IGHV7-4-1*01	75	99	150	174	288
IGHV7-4-1*02	75	99	150	174	288
IGHV7-4-1*03	75	99	150	174	273
IGHV7-4-1*04	75	99	150	174	288
IGHV7-4-1*05	75	99	150	174	288
IGKV1-12*01	78	96	147	156	264
IGKV1-12*02	78	96	147	156	264
IGKV1-13*01	78	96	147	156	264
IGKV1-13*02	78	96	147	156	264
IGKV1-16*01	78	96	147	156	264
IGKV1-16*02	78	96	147	156	264
IGKV1-17*01	78	96	147	156	264
IGKV1-17*02	78	96	147	156	264
IGKV1-17*03	78	96	147	156	264
IGKV1-27*01	78	96	147	156	264
IGKV1-33*01	78	96	147	156	264
IGKV1-39*01	78	96	147	156	264
IGKV1-39*02	78	96	147	156	264
IGKV1-5*01	78	96	147	156	264
IGKV1-5*02	78	96	147	156	264
IGKV1-5*03	78	96	147	156	264
IGKV1-6*01	78	96	147	156	264
IGKV1-6*02	78	96	147	156	264
IGKV1-8*01	78	96	147	156	264
IGKV1-9*01	78	96	147	156	264
IGKV1-NL1*01	78	96	147	156	264
IGKV1D-12*01	78	96	147	156	264
IGKV1D-12*02	78	96	147	156	264
IGKV1D-13*01	78	96	147	156	264
IGKV1D-13*02	78	96	147	156	264
IGKV1D-16*01	78	96	147	156	264
IGKV1D-16*02	78	96	147	156	264
IGKV1D-17*01	78	96	147	156	264
IGKV1D-33*01	78	96	147	156	264
IGKV1D-39*01	78	96	147	156	264
IGKV1D-43*01	78	96	147	156	264
IGKV1D-8*01	78	96	147	156	264
IGKV1D-8*02	78	96	147	156	264
IGKV1D-8*03	78	96	147	156	264
IGKV2-24*01	78	111	162	171	279
IGKV2-28*01	78	111	162	171	279
IGKV2-29*01	78	111	162	171	279
IGKV2-29*02	78	111	162	171	279
IGKV2-29*03	78	111	162	171	279
IGKV2-30*01	78	111	162	171	279
IGKV2-30*02	78	111	162	171	279
IGKV2-40*01	78	114	165	174	282
IGKV2-40*02	24	60	111	120	228
IGKV2D-26*01	78	111	162	171	279
IGKV2D-26*02	78	111	162	171	279
IGKV2D-26*03	78	111	162	171	279
IGKV2D-28*01	78	111	162	171	279
IGKV2D-29*01	78	111	162	171	279
IGKV2D-29*02	78	111	162	171	279
IGKV2D-30*01	78	111	162	171	279
IGKV2D-40*01	78	114	165	174	282
IGKV3-11*01	78	96	147	156	264
IGKV3-11*02	78	96	147	156	264
IGKV3-15*01	78	96	147	156	264
IGKV3-20*01	78	99	150	159	267
IGKV3-20*02	78	99	150	159	267
IGKV3-NL1*01	78	96	147	156	264
IGKV3-NL2*01	78	96	147	156	264
IGKV3-NL3*01	78	99	150	159	267
IGKV3-NL4*01	78	96	147	156	264
IGKV3-NL5*01	78	99	150	159	267
IGKV3D-11*01	78	96	147	156	264
IGKV3D-11*02	78	96	147	156	264
IGKV3D-15*01	78	96	147	156	264
IGKV3D-15*02	78	96	147	156	264
IGKV3D-15*03	78	96	147	156	264
IGKV3D-20*01	78	99	150	159	267
IGKV3D-7*01	78	99	150	159	267
IGKV4-1*01	78	114	165	174	282
IGKV5-2*01	78	96	147	156	264
IGKV6-21*01	78	96	147	156	264
IGKV6-21*02	78	96	147	156	264
IGKV6D-21*01	78	96	147	156	264
IGKV6D-21*02	78	96	147	156	264
IGLV1-36*01	75	99	150	159	267
IGLV1-40*01	75	102	153	162	270
IGLV1-40*02	75	102	153	162	270
IGLV1-40*03	75	102	153	162	270
IGLV1-44*01	75	99	150	159	267
IGLV1-47*01	75	99	150	159	267
IGLV1-47*02	75	99	150	159	267
IGLV1-51*01	75	99	150	159	267
IGLV1-51*02	75	99	150	159	267
IGLV10-54*01	75	99	150	159	267
IGLV10-54*02	75	99	150	159	267
IGLV10-54*03	75	99	150	159	267
IGLV2-11*01	75	102	153	162	270
IGLV2-11*02	75	102	153	162	270
IGLV2-11*03	52	79	130	139	247
IGLV2-14*01	75	102	153	162	270
IGLV2-14*02	75	102	153	162	270
IGLV2-14*03	52	79	130	139	247
IGLV2-14*04	52	79	130	139	247
IGLV2-18*01	75	102	153	162	270
IGLV2-18*02	75	102	153	162	270
IGLV2-18*03	75	102	153	162	270
IGLV2-18*04	75	102	153	162	270
IGLV2-23*01	75	102	153	162	270
IGLV2-23*02	75	102	153	162	270
IGLV2-23*03	75	102	153	162	270
IGLV2-8*01	75	102	153	162	270
IGLV2-8*02	75	102	153	162	270
IGLV2-8*03	52	79	130	139	247
IGLV3-1*01	75	93	144	153	261
IGLV3-10*01	75	93	144	153	261
IGLV3-10*02	75	93	144	153	261
IGLV3-12*01	75	93	144	153	261
IGLV3-12*02	75	93	144	153	261
IGLV3-16*01	75	93	144	153	261
IGLV3-19*01	75	93	144	153	261
IGLV3-21*01	75	93	144	153	261
IGLV3-21*02	75	93	144	153	261
IGLV3-21*03	75	93	144	153	261
IGLV3-22*01	75	93	144	153	261
IGLV3-25*01	75	93	144	153	261
IGLV3-25*02	75	93	144	153	261
IGLV3-25*03	75	93	144	153	261
IGLV3-27*01	75	93	144	153	261
IGLV3-9*01	75	93	144	153	261
IGLV3-9*02	75	93	144	153	261
IGLV4-3*01	75	96	147	168	276
IGLV4-60*01	75	96	147	168	276
IGLV4-60*02	75	96	147	168	276
IGLV4-60*03	75	96	147	168	276
IGLV4-69*01	75	96	147	168	276
IGLV4-69*02	75	96	147	168	276
IGLV5-37*01	75	102	153	174	288
IGLV5-39*01	75	102	153	174	288
IGLV5-39*02	75	102	153	174	288
IGLV5-45*01	75	102	153	174	288
IGLV5-45*02	75	102	153	174	288
IGLV5-45*03	75	102	153	174	288
IGLV5-45*04	75	102	153	174	288
IGLV5-52*01	75	102	153	174	288
IGLV6-57*01	75	99	150	159	273
IGLV6-57*02	75	99	150	159	273
IGLV7-43*01	75	102	153	162	270
IGLV7-46*01	75	102	153	162	270
IGLV7-46*02	75	102	153	162	270
IGLV8-61*01	75	102	153	162	270
IGLV8-61*02	75	102	153	162	270
IGLV8-61*03	67	94	145	154	247
IGLV9-49*01	75	96	147	171	279
IGLV9-49*02	75	96	147	171	279
IGLV9-49*03	75	96	147	171	279