IGHV1-3*01	75	99	150	174	288
IGHV1-11*01	75	99	150	174	288
IGHV1-12*01	75	99	150	174	288
IGHV1-14*01	75	99	150	174	288
IGHV1-15*01	75	99	150	174	288
IGHV1-17-1*01	75	99	150	174	288
IGHV1-18*01	75	99	150	174	288
IGHV1-18*02	75	99	150	174	288
IGHV1-18*03	75	99	150	174	252
IGHV1-19*01	75	99	150	174	288
IGHV1-20*01	75	99	150	174	288
IGHV1-20*02	75	99	150	174	288
IGHV1-22*01	75	99	150	174	288
IGHV1-26*01	75	99	150	174	288
IGHV1-31*01	75	99	150	174	288
IGHV1-34*01	75	99	150	174	288
IGHV1-34*02	75	99	150	174	288
IGHV1-36*01	75	99	150	174	288
IGHV1-37*01	75	99	150	174	288
IGHV1-39*01	75	99	150	174	288
IGHV1-4*01	75	99	150	174	288
IGHV1-4*02	75	99	150	174	288
IGHV1-42*01	75	99	150	174	288
IGHV1-42*02	75	99	150	174	252
IGHV1-42*03	75	99	150	174	252
IGHV1-43*01	75	99	150	174	288
IGHV1-47*01	75	99	150	174	288
IGHV1-49*01	75	99	150	174	288
IGHV1-5*01	75	99	150	174	288
IGHV1-50*01	75	99	150	174	288
IGHV1-52*01	75	99	150	174	288
IGHV1-53*01	75	99	150	174	288
IGHV1-53*02	75	99	150	174	252
IGHV1-53*03	75	99	150	174	252
IGHV1-53*04	75	99	150	174	252
IGHV1-54*01	75	99	150	174	288
IGHV1-54*02	75	99	150	174	288
IGHV1-54*03	75	99	150	174	288
IGHV1-55*01	75	99	150	174	288
IGHV1-55*02	75	99	150	174	252
IGHV1-55*03	75	99	150	174	252
IGHV1-55*04	75	99	150	174	252
IGHV1-56*01	75	99	150	174	288
IGHV1-56*02	75	99	150	174	288
IGHV1-58*01	75	99	150	174	288
IGHV1-58*02	75	99	150	174	288
IGHV1-59*01	75	99	150	174	288
IGHV1-61*01	75	99	150	174	288
IGHV1-62-1*01	75	99	150	174	288
IGHV1-62-2*01	75	99	150	174	288
IGHV1-62-3*01	75	99	150	174	288
IGHV1-62-3*02	75	99	150	174	252
IGHV1-63*01	75	99	150	174	288
IGHV1-63*02	75	99	150	174	288
IGHV1-64*01	75	99	150	174	288
IGHV1-64*02	75	99	150	174	252
IGHV1-66*01	75	99	150	174	288
IGHV1-67*01	75	99	150	174	288
IGHV1-69*01	75	99	150	174	288
IGHV1-69*02	75	99	150	174	288
IGHV1-69*03	75	99	150	174	252
IGHV1-7*01	75	99	150	174	288
IGHV1-71*01	75	99	150	174	288
IGHV1-71*02	66	90	141	165	279
IGHV1-72*01	75	99	150	174	288
IGHV1-72*02	75	99	150	174	252
IGHV1-72*03	75	99	150	174	252
IGHV1-72*04	75	99	150	174	288
IGHV1-72*05	75	99	150	174	252
IGHV1-74*01	75	99	150	174	288
IGHV1-74*02	75	99	150	174	252
IGHV1-74*03	75	99	150	174	252
IGHV1-74*04	75	99	150	174	288
IGHV1-75*01	75	99	150	174	288
IGHV1-76*01	75	99	150	174	288
IGHV1-77*01	75	99	150	174	288
IGHV1-78*01	75	99	150	174	288
IGHV1-80*01	75	99	150	174	288
IGHV1-81*01	75	99	150	174	288
IGHV1-82*01	75	99	150	174	288
IGHV1-84*01	75	99	150	174	288
IGHV1-84*02	75	99	150	174	288
IGHV1-85*01	75	99	150	174	288
IGHV1-9*01	75	99	150	174	288
IGHV10-1*01	75	99	150	180	294
IGHV10-1*02	75	99	150	180	294
IGHV10-3*01	75	99	150	180	294
IGHV10-3*02	75	99	150	180	294
IGHV10-3*03	75	99	150	180	294
IGHV11-1*01	75	99	150	174	288
IGHV11-1*02	75	99	150	174	288
IGHV11-2*01	75	99	150	174	288
IGHV11-2*02	75	99	150	174	288
IGHV12-1-1*01	75	105	156	177	291
IGHV12-3*01	75	102	153	174	288
IGHV12-3*02	75	102	153	174	288
IGHV13-1*01	75	99	150	180	294
IGHV13-1*02	75	99	150	180	294
IGHV13-2*01	75	99	150	180	294
IGHV13-2*02	75	99	150	180	294
IGHV13-2*03	75	99	150	180	294
IGHV14-1*01	75	99	150	174	288
IGHV14-1*02	75	99	150	174	288
IGHV14-2*01	75	99	150	174	288
IGHV14-2*02	75	99	150	174	288
IGHV14-3*01	75	99	150	174	288
IGHV14-3*02	75	99	150	174	288
IGHV14-4*01	75	99	150	174	288
IGHV14-4*02	75	99	150	174	288
IGHV15-2*01	75	102	153	177	291
IGHV15-2*02	75	102	153	177	291
IGHV16-1*01	75	102	153	177	291
IGHV2-2*01	75	99	150	171	285
IGHV2-2*02	75	99	150	171	285
IGHV2-2*03	75	99	150	171	285
IGHV2-2-2*01	75	99	150	171	285
IGHV2-3*01	75	99	150	171	285
IGHV2-3-1*01	75	99	150	171	285
IGHV2-4*01	75	99	150	171	285
IGHV2-4*02	75	99	150	171	285
IGHV2-4-1*01	75	99	150	171	285
IGHV2-5*01	75	99	150	171	285
IGHV2-5-1*01	75	99	150	171	285
IGHV2-6*01	75	99	150	171	285
IGHV2-6*02	75	99	150	171	285
IGHV2-6*03	75	99	150	171	285
IGHV2-6-1*01	75	99	150	171	285
IGHV2-6-2*01	75	99	150	171	285
IGHV2-6-3*01	72	96	147	168	282
IGHV2-6-4*01	75	99	150	171	285
IGHV2-6-5*01	75	99	150	171	285
IGHV2-6-6*01	75	99	150	171	285
IGHV2-6-7*01	75	99	150	171	285
IGHV2-6-7*02	75	99	150	171	285
IGHV2-6-8*01	75	99	150	171	285
IGHV2-7*01	75	99	150	171	285
IGHV2-9*01	75	99	150	171	285
IGHV2-9*02	75	99	150	171	285
IGHV2-9-1*01	75	99	150	171	285
IGHV3-1*01	75	102	153	174	288
IGHV3-1*02	75	102	153	174	288
IGHV3-2*02	75	102	153	174	288
IGHV3-3*01	75	102	153	174	288
IGHV3-3*02	75	102	153	174	288
IGHV3-4*01	75	105	156	177	291
IGHV3-4*02	75	105	156	177	291
IGHV3-5*01	75	105	156	177	291
IGHV3-5*02	75	105	156	177	291
IGHV3-6*01	75	102	153	174	288
IGHV3-6*02	75	102	153	174	288
IGHV3-6*03	75	102	153	174	288
IGHV3-8*01	75	99	150	171	285
IGHV3-8*02	75	99	150	171	285
IGHV4-1*01	75	99	150	174	288
IGHV4-1*02	75	99	150	174	288
IGHV4-2*01	75	99	150	174	288
IGHV4-2*02	75	99	150	174	288
IGHV5-12*01	75	99	150	174	288
IGHV5-12*02	75	99	150	174	288
IGHV5-12*03	75	99	150	174	288
IGHV5-12-1*01	75	99	150	174	288
IGHV5-12-2*01	75	99	150	174	288
IGHV5-12-2*02	42	66	117	141	255
IGHV5-12-4*01	75	99	150	174	288
IGHV5-15*01	75	99	150	174	288
IGHV5-15*02	75	99	150	174	288
IGHV5-15*03	42	66	117	141	255
IGHV5-15*04	75	99	150	174	288
IGHV5-15*05	75	99	150	174	288
IGHV5-16*01	75	99	150	174	288
IGHV5-16*02	75	99	150	174	288
IGHV5-17*01	75	99	150	174	288
IGHV5-17*02	75	99	150	174	288
IGHV5-17*03	75	99	150	174	288
IGHV5-2*01	75	99	150	174	288
IGHV5-2*02	75	99	150	174	288
IGHV5-2*03	75	99	150	174	288
IGHV5-4*01	75	99	150	174	288
IGHV5-4*02	75	99	150	174	288
IGHV5-4*03	75	99	150	174	288
IGHV5-6*01	75	99	150	174	288
IGHV5-6*02	75	99	150	174	288
IGHV5-6*03	75	99	150	174	288
IGHV5-6-1*01	75	99	150	174	288
IGHV5-6-2*01	75	99	150	174	288
IGHV5-6-2*02	42	66	117	141	255
IGHV5-6-3*01	75	99	150	174	288
IGHV5-6-3*02	9	33	84	108	222
IGHV5-6-4*01	75	99	150	174	288
IGHV5-6-4*02	75	99	150	174	288
IGHV5-6-5*01	75	99	150	171	234
IGHV5-6-6*01	75	99	150	174	288
IGHV5-9*01	75	99	150	174	288
IGHV5-9*02	75	99	150	174	288
IGHV5-9*03	75	99	150	174	288
IGHV5-9*04	75	99	150	174	288
IGHV5-9-1*01	75	99	150	174	288
IGHV5-9-1*02	75	99	150	174	288
IGHV5-9-2*01	75	99	150	174	288
IGHV5-9-3*01	75	99	150	174	288
IGHV5-9-4*01	75	99	150	174	288
IGHV5-9-5*01	75	99	150	174	288
IGHV6-3*01	75	99	150	180	294
IGHV6-3*02	75	99	150	180	294
IGHV6-3*03	75	99	150	180	294
IGHV6-4*01	75	99	150	180	294
IGHV6-4*02	75	99	150	180	294
IGHV6-5*01	75	99	150	180	294
IGHV6-5*02	75	99	150	180	294
IGHV6-6*01	75	99	150	180	294
IGHV6-6*02	75	99	150	180	294
IGHV6-7*01	75	99	150	180	294
IGHV6-7*02	75	99	150	180	294
IGHV7-1*01	75	99	150	180	294
IGHV7-1*02	75	99	150	180	294
IGHV7-1*03	75	99	150	180	294
IGHV7-2*01	75	99	150	180	294
IGHV7-3*01	75	99	150	180	294
IGHV7-3*02	75	99	150	180	294
IGHV7-3*03	75	99	150	180	294
IGHV7-3*04	75	99	150	180	294
IGHV7-4*01	75	99	150	180	294
IGHV7-4*02	75	99	150	180	294
IGHV7-4*03	75	99	150	180	294
IGHV7-4*04	75	99	150	180	294
IGHV8-11*01	75	105	156	177	291
IGHV8-12*01	75	105	156	177	291
IGHV8-4*01	75	105	156	177	291
IGHV8-5*01	75	105	156	177	291
IGHV8-5*02	75	105	156	177	285
IGHV8-6*01	75	105	156	177	291
IGHV8-8*01	75	105	156	177	291
IGHV8-8*02	75	105	156	177	285
IGHV8-9*01	75	105	156	177	291
IGHV8-9*02	75	105	156	177	288
IGHV8-9*03	75	105	156	177	285
IGHV9-1*01	75	99	150	174	288
IGHV9-1*02	75	99	150	174	288
IGHV9-1*03	75	99	150	174	279
IGHV9-1*04	75	99	150	174	279
IGHV9-2*01	75	99	150	174	288
IGHV9-2*02	75	99	150	174	288
IGHV9-2-1*01	75	99	150	174	288
IGHV9-3*01	75	99	150	174	288
IGHV9-3*02	75	99	150	174	288
IGHV9-3*03	75	99	150	174	288
IGHV9-3-1*01	75	99	150	174	288
IGHV9-4*01	75	99	150	174	288
IGHV9-4*02	75	99	150	174	288
IGHV9-4*03	67	91	142	166	280
IGKV1-110*01	78	111	162	171	279
IGKV1-110*02	78	111	162	171	279
IGKV1-117*01	78	111	162	171	279
IGKV1-117*02	78	111	162	171	279
IGKV1-122*01	78	111	162	171	279
IGKV1-132*01	78	111	162	171	279
IGKV1-133*01	78	111	162	171	279
IGKV1-135*01	78	111	162	171	279
IGKV1-88*01	78	111	162	171	279
IGKV1-99*01	78	111	162	171	279
IGKV10-94*01	78	96	147	156	264
IGKV10-94*02	78	96	147	156	264
IGKV10-94*03	78	96	147	156	264
IGKV10-94*04	78	96	147	156	264
IGKV10-94*05	78	96	147	156	264
IGKV10-94*06	78	96	147	156	264
IGKV10-94*07	78	96	147	156	264
IGKV10-94*08	78	96	147	156	264
IGKV10-95*01	78	96	147	156	264
IGKV10-96*01	78	96	147	156	264
IGKV10-96*02	78	96	147	156	264
IGKV10-96*03	78	96	147	156	264
IGKV10-96*04	78	96	147	156	264
IGKV10-96*05	78	96	147	156	264
IGKV10-96*06	78	96	147	156	264
IGKV11-125*01	78	96	147	156	264
IGKV12-38*01	78	96	147	156	264
IGKV12-41*01	78	96	147	156	264
IGKV12-41*02	78	96	147	156	264
IGKV12-44*01	78	96	147	156	264
IGKV12-46*01	78	96	147	156	264
IGKV12-89*01	78	96	147	156	264
IGKV12-98*01	78	96	147	156	264
IGKV12-e*01	78	96	147	156	264
IGKV13-84*01	78	96	147	156	264
IGKV13-85*01	78	96	147	156	264
IGKV13-85*02	78	96	147	156	264
IGKV13-85*03	78	96	147	156	264
IGKV14-100*01	78	96	147	156	264
IGKV14-111*01	78	96	147	156	264
IGKV14-126*01	78	96	147	156	264
IGKV14-130*01	78	96	147	156	264
IGKV16-104*01	78	96	147	156	264
IGKV17-121*01	78	96	147	156	264
IGKV17-127*01	78	96	147	156	264
IGKV18-36*01	78	96	147	156	264
IGKV19-93*01	78	96	147	156	264
IGKV19-93*02	78	96	147	156	264
IGKV2-109*01	78	111	162	171	279
IGKV2-109*02	78	111	162	171	279
IGKV2-109*03	78	111	162	171	279
IGKV2-109*04	78	111	162	171	279
IGKV2-112*01	78	111	162	171	279
IGKV2-112*02	78	111	162	171	279
IGKV2-137*01	78	111	162	171	279
IGKV2-a*01	78	111	162	171	279
IGKV20-101-2*01	75	93	144	153	261
IGKV3-1*01	78	108	159	168	276
IGKV3-10*01	78	108	159	168	276
IGKV3-12*01	78	108	159	168	276
IGKV3-2*01	78	108	159	168	276
IGKV3-3*01	78	108	159	168	276
IGKV3-4*01	78	108	159	168	276
IGKV3-5*01	78	108	159	168	276
IGKV3-7*01	78	108	159	168	276
IGKV3-9*01	78	108	159	168	276
IGKV4-50*01	78	93	144	153	261
IGKV4-51*01	78	99	150	159	267
IGKV4-53*01	78	99	150	159	267
IGKV4-55*01	78	93	144	153	261
IGKV4-57*01	78	93	144	153	261
IGKV4-57-1*01	78	99	150	159	267
IGKV4-58*01	78	99	150	159	267
IGKV4-59*01	78	93	144	153	261
IGKV4-61*01	78	93	144	153	261
IGKV4-63*01	78	93	144	153	261
IGKV4-68*01	78	93	144	153	261
IGKV4-69*01	78	93	144	153	261
IGKV4-70*01	78	93	144	153	261
IGKV4-71*01	78	93	144	153	261
IGKV4-72*01	78	93	144	153	261
IGKV4-73*01	78	99	150	159	267
IGKV4-74*01	78	99	150	159	267
IGKV4-78*01	78	99	150	159	267
IGKV4-79*01	78	99	150	159	267
IGKV4-80*01	78	93	144	153	261
IGKV4-81*01	78	99	150	159	267
IGKV4-86*01	78	93	144	153	261
IGKV4-90*01	78	93	144	153	261
IGKV4-91*01	78	99	150	159	267
IGKV4-92*01	78	99	150	159	267
IGKV5-37*01	78	96	147	156	264
IGKV5-39*01	78	96	147	156	264
IGKV5-43*01	78	96	147	156	264
IGKV5-45*01	78	96	147	156	264
IGKV5-48*01	78	96	147	156	264
IGKV6-13*01	78	96	147	156	264
IGKV6-14*01	78	96	147	156	264
IGKV6-15*01	78	96	147	156	264
IGKV6-17*01	78	96	147	156	264
IGKV6-20*01	78	96	147	156	264
IGKV6-23*01	78	96	147	156	264
IGKV6-25*01	78	96	147	156	264
IGKV6-29*01	78	96	147	156	264
IGKV6-32*01	78	96	147	156	264
IGKV6-32*02	78	96	147	156	264
IGKV6-b*01	78	96	147	156	264
IGKV6-c*01	78	96	147	156	264
IGKV6-d*01	78	96	147	156	264
IGKV7-33*01	78	114	165	174	282
IGKV8-16*01	78	114	165	174	282
IGKV8-19*01	78	114	165	174	282
IGKV8-21*01	78	114	165	174	282
IGKV8-24*01	78	114	165	174	282
IGKV8-27*01	78	114	165	174	282
IGKV8-28*01	78	114	165	174	282
IGKV8-28*02	78	114	165	174	282
IGKV8-30*01	78	114	165	174	282
IGKV8-34*01	78	114	165	174	282
IGKV9-120*01	78	96	147	156	264
IGKV9-123*01	78	96	147	156	264
IGKV9-124*01	78	96	147	156	264
IGLV1*01	75	102	153	162	270
IGLV1*02	75	102	153	162	270
IGLV2*01	75	102	153	162	270
IGLV2*02	75	102	153	162	270
IGLV3*01	75	96	147	168	276
IGLV4*01	65	89	140	149	245
IGLV5*01	65	89	140	149	245
IGLV6*01	65	89	140	149	245
IGLV6*02	65	89	140	149	245
IGLV6*03	65	89	140	149	245
IGLV7*01	65	89	140	149	245
IGLV7*02	65	89	140	149	245
IGLV8*01	65	89	140	149	245
IGLV8*02	65	89	140	149	245