IGHV1-16*01	75	99	150	174	288
IGHV1-23*01	75	99	150	174	288
IGHV1-36*01	75	99	150	174	288
IGHV1-53*01	75	99	150	174	288
IGHV1-59*01	75	99	150	174	288
IGHV1-A*01	75	99	150	174	288
IGHV2-12*01	75	105	156	177	291
IGHV2-25*01	75	105	156	177	291
IGHV2-3*01	75	105	156	177	291
IGHV2-62*01	75	105	156	177	291
IGHV3-10*01	75	99	150	180	294
IGHV3-13*01	75	99	150	168	282
IGHV3-14*01	75	99	150	174	288
IGHV3-15*01	75	99	150	174	288
IGHV3-17*01	75	99	150	174	288
IGHV3-18*01	75	99	150	180	294
IGHV3-19*01	75	99	150	180	294
IGHV3-2*01	75	99	150	174	288
IGHV3-24*01	75	99	150	174	288
IGHV3-27*01	75	99	150	171	285
IGHV3-29*01	75	99	150	180	294
IGHV3-30*01	75	99	150	180	294
IGHV3-31*01	75	99	150	174	288
IGHV3-32*01	75	99	150	174	270
IGHV3-33*01	75	99	150	174	288
IGHV3-4*01	75	99	150	168	282
IGHV3-41*01	75	99	150	174	288
IGHV3-42*01	75	99	150	180	294
IGHV3-44*01	75	99	150	174	288
IGHV3-45*01	75	99	150	174	288
IGHV3-47*01	75	99	150	180	294
IGHV3-48*01	75	99	150	174	288
IGHV3-49*01	75	99	150	171	285
IGHV3-5*01	75	99	150	180	294
IGHV3-50*01	75	99	150	174	288
IGHV3-51*01	75	99	150	171	285
IGHV3-52*01	75	99	150	171	285
IGHV3-54*01	75	99	150	180	294
IGHV3-55*01	75	99	150	171	285
IGHV3-56*01	75	99	150	174	288
IGHV3-58*01	75	99	150	174	288
IGHV3-6*01	75	99	150	180	294
IGHV3-60*01	75	99	150	171	285
IGHV3-63*01	75	99	150	174	288
IGHV3-8*01	75	99	150	174	288
IGHV3-9*01	75	99	150	180	294
IGHV4-11*01	75	102	153	174	288
IGHV4-22*01	75	102	153	174	288
IGHV4-26*01	75	102	153	174	288
IGHV4-28*01	75	105	156	177	291
IGHV4-34*01	75	105	156	177	291
IGHV4-35*01	75	105	156	177	291
IGHV4-37*01	75	102	153	174	288
IGHV4-38*01	75	105	156	177	291
IGHV4-39*01	75	105	156	177	291
IGHV4-40*01	75	105	156	177	291
IGHV4-43*01	75	105	156	177	291
IGHV4-57*01	75	105	156	177	288
IGHV5-20*01	75	99	150	174	288
IGHV5-46*01	75	99	150	174	288
IGHV5-7*01	75	99	150	174	288
IGHV6-1*01	75	105	156	183	297
IGHV7-21*01	75	99	150	174	288
IGKV1-10*01	78	96	147	156	264
IGKV1-12*01	78	96	147	156	264
IGKV1-13*01	78	96	147	156	264
IGKV1-15*01	78	96	147	156	264
IGKV1-16*01	78	96	147	156	264
IGKV1-19*01	78	96	147	156	264
IGKV1-20*01	78	96	147	156	264
IGKV1-21*01	78	96	147	156	264
IGKV1-24*01	78	96	147	156	264
IGKV1-26*01	78	96	147	156	264
IGKV1-27*01	78	96	147	156	264
IGKV1-29*01	78	96	147	156	264
IGKV1-32*01	78	96	147	156	264
IGKV1-37*01	78	96	147	156	264
IGKV1-40*01	78	96	147	156	264
IGKV1-42*01	78	96	147	156	264
IGKV1-49*01	78	96	147	156	264
IGKV1-7*01	78	96	147	156	264
IGKV1-8*01	78	96	147	156	264
IGKV1-9*01	78	96	147	156	264
IGKV2-17*01	78	111	162	171	279
IGKV2-22*01	78	111	162	171	279
IGKV2-33*01	78	111	162	171	279
IGKV2-34*01	78	111	162	171	279
IGKV2-38*01	78	114	165	174	282
IGKV2-39*01	78	111	162	171	279
IGKV2-41*01	78	111	162	171	279
IGKV2-43*01	75	108	159	168	276
IGKV2-44*01	78	111	162	171	279
IGKV2-45*01	75	111	162	171	279
IGKV2-46*01	78	114	165	174	282
IGKV2-47*01	78	111	162	171	279
IGKV2-48*01	78	111	162	171	279
IGKV2-50*01	78	111	162	171	279
IGKV2-6*01	78	111	162	171	279
IGKV3-11*01	78	96	147	156	264
IGKV3-14*01	78	96	147	156	264
IGKV3-18*01	78	96	147	156	264
IGKV3-23*01	78	96	147	156	264
IGKV3-25*01	78	96	147	156	264
IGKV3-3*01	78	96	147	156	264
IGKV3-30*01	78	96	147	156	264
IGKV3-35*01	78	96	147	156	264
IGKV3-36*01	78	96	147	156	264
IGKV4-1*01	78	114	165	174	282
IGKV5-2*01	78	96	147	156	264
IGKV5-4*01	78	96	147	156	264
IGKV6-28*01	78	96	147	156	264
IGKV6-31*01	78	96	147	156	264
IGKV7-5*01	78	108	159	168	276
IGLV1-16*01	75	99	150	159	267
IGLV1-18*01	75	99	150	159	267
IGLV1-19*01	75	99	150	159	267
IGLV1-20*01	75	99	150	159	228
IGLV1-22*01	75	99	150	159	267
IGLV1-25*01	75	99	150	159	267
IGLV1-27*01	75	99	150	159	267
IGLV1-30*01	75	99	150	159	267
IGLV1-31*01	75	99	150	159	267
IGLV1-37*01	75	102	153	162	170
IGLV10-41*01	75	99	150	159	267
IGLV11-42*01	75	102	153	174	288
IGLV2-13*01	75	102	153	162	270
IGLV2-3*01	75	102	153	162	270
IGLV2-44*01	75	102	153	162	270
IGLV2-5*01	75	102	153	162	270
IGLV2-50*01	75	102	153	162	270
IGLV2-7*01	75	102	153	162	270
IGLV2-9*01	75	102	153	162	270
IGLV3-1*01	75	93	144	153	261
IGLV3-10*01	75	93	144	153	261
IGLV3-11*01	75	93	144	153	261
IGLV3-12*01	75	93	144	153	261
IGLV3-14*01	75	93	144	153	261
IGLV3-15*01	75	93	144	153	261
IGLV3-4*01	75	93	144	153	261
IGLV3-45*01	75	93	144	153	261
IGLV3-46*01	75	93	144	153	261
IGLV3-47*01	75	93	144	153	261
IGLV3-48*01	75	93	144	153	261
IGLV3-49*01	75	93	144	153	261
IGLV3-6*01	75	93	144	153	261
IGLV3-8*01	75	93	144	153	261
IGLV4-2*01	75	96	147	168	276
IGLV4-36*01	75	96	147	168	276
IGLV5-17*01	75	102	153	174	288
IGLV5-23*01	75	102	153	174	288
IGLV5-28*01	75	102	153	174	288
IGLV5-32*01	75	102	153	174	288
IGLV5-35*01	75	102	153	174	288
IGLV5-38*01	75	102	153	174	288
IGLV6-34*01	57	81	132	141	255
IGLV6-39*01	57	81	132	141	255
IGLV6-40*01	57	81	132	141	255
IGLV7-21*01	75	102	153	162	270
IGLV7-24*01	75	102	153	162	270
IGLV7-26*01	75	102	153	162	270
IGLV7-33*01	75	102	153	162	270
IGLV8-43*01	75	102	153	162	270
IGLV9-29*01	75	96	147	171	279